              precision    recall  f1-score   support

         0.0       0.80      1.00      0.89         4
         1.0       1.00      0.67      0.80         6
         2.0       0.33      0.40      0.36         5
         3.0       0.62      0.56      0.59         9
         4.0       0.75      0.75      0.75         4
         5.0       0.33      0.33      0.33         3
         6.0       0.67      0.67      0.67         3
         7.0       1.00      0.43      0.60         7
         8.0       0.50      0.90      0.64        10
         9.0       0.90      0.69      0.78        13

    accuracy                           0.66        64
   macro avg       0.69      0.64      0.64        64
weighted avg       0.72      0.66      0.66        64
