              precision    recall  f1-score   support

         0.0       1.00      1.00      1.00         6
         1.0       1.00      0.75      0.86         4
         2.0       0.50      0.67      0.57         9
         3.0       0.71      0.62      0.67         8
         4.0       0.75      0.50      0.60         6
         5.0       0.50      0.25      0.33         4
         6.0       0.80      1.00      0.89         4
         7.0       0.80      0.36      0.50        11
         8.0       0.50      1.00      0.67         6
         9.0       0.62      0.83      0.71         6

    accuracy                           0.67        64
   macro avg       0.72      0.70      0.68        64
weighted avg       0.71      0.67      0.66        64
