              precision    recall  f1-score   support

         0.0       0.86      0.75      0.80         8
         1.0       1.00      0.90      0.95        10
         2.0       0.50      0.67      0.57         3
         3.0       0.83      0.71      0.77         7
         4.0       1.00      0.50      0.67         8
         5.0       0.25      0.17      0.20         6
         6.0       0.38      0.43      0.40         7
         7.0       1.00      0.57      0.73         7
         8.0       0.15      0.67      0.25         3
         9.0       0.80      0.80      0.80         5

    accuracy                           0.62        64
   macro avg       0.68      0.62      0.61        64
weighted avg       0.75      0.62      0.66        64
