              precision    recall  f1-score   support

         0.0       0.50      1.00      0.67         2
         1.0       1.00      0.88      0.93         8
         2.0       0.67      0.67      0.67         9
         3.0       0.57      0.50      0.53         8
         4.0       0.67      1.00      0.80         6
         5.0       0.14      0.17      0.15         6
         6.0       0.83      0.50      0.62        10
         7.0       1.00      0.60      0.75         5
         8.0       0.33      0.60      0.43         5
         9.0       1.00      0.60      0.75         5

    accuracy                           0.62        64
   macro avg       0.67      0.65      0.63        64
weighted avg       0.69      0.62      0.64        64
