              precision    recall  f1-score   support

         0.0       0.80      1.00      0.89         4
         1.0       1.00      0.73      0.84        11
         2.0       0.57      0.40      0.47        10
         3.0       0.75      0.75      0.75         4
         4.0       0.50      0.75      0.60         4
         5.0       0.50      0.25      0.33         4
         6.0       0.86      0.86      0.86         7
         7.0       1.00      0.29      0.44         7
         8.0       0.30      0.75      0.43         8
         9.0       0.67      0.40      0.50         5

    accuracy                           0.61        64
   macro avg       0.69      0.62      0.61        64
weighted avg       0.71      0.61      0.61        64
