              precision    recall  f1-score   support

         0.0       0.71      0.83      0.77         6
         1.0       1.00      0.50      0.67         2
         2.0       0.50      0.62      0.56         8
         3.0       0.67      0.29      0.40         7
         4.0       0.83      0.56      0.67         9
         5.0       0.00      0.00      0.00         7
         6.0       0.60      0.60      0.60         5
         7.0       1.00      0.33      0.50         6
         8.0       0.28      0.88      0.42         8
         9.0       0.75      0.50      0.60         6

    accuracy                           0.52        64
   macro avg       0.63      0.51      0.52        64
weighted avg       0.60      0.52      0.50        64
