              precision    recall  f1-score   support

         0.0       1.00      0.91      0.95        11
         1.0       1.00      0.88      0.93         8
         2.0       0.45      1.00      0.62         5
         3.0       0.75      0.86      0.80         7
         4.0       0.00      0.00      0.00         1
         5.0       0.50      0.67      0.57         3
         6.0       1.00      0.75      0.86         8
         7.0       1.00      0.11      0.20         9
         8.0       0.50      1.00      0.67         6
         9.0       1.00      0.50      0.67         6

    accuracy                           0.72        64
   macro avg       0.72      0.67      0.63        64
weighted avg       0.84      0.72      0.70        64
