              precision    recall  f1-score   support

         0.0       0.82      0.90      0.86        10
         1.0       1.00      0.86      0.92         7
         2.0       0.55      0.60      0.57        10
         3.0       0.50      1.00      0.67         2
         4.0       0.60      0.60      0.60         5
         5.0       1.00      0.56      0.71         9
         6.0       0.60      0.86      0.71         7
         7.0       0.67      0.40      0.50         5
         8.0       0.71      0.71      0.71         7
         9.0       0.50      0.50      0.50         2

    accuracy                           0.70        64
   macro avg       0.69      0.70      0.68        64
weighted avg       0.74      0.70      0.70        64
