              precision    recall  f1-score   support

         0.0       0.75      0.86      0.80         7
         1.0       1.00      0.83      0.91        12
         2.0       0.57      0.67      0.62         6
         3.0       0.83      0.62      0.71         8
         4.0       0.67      0.67      0.67         3
         5.0       0.00      0.00      0.00         3
         6.0       1.00      0.60      0.75         5
         7.0       0.67      0.50      0.57         4
         8.0       0.50      0.89      0.64         9
         9.0       0.50      0.43      0.46         7

    accuracy                           0.67        64
   macro avg       0.65      0.61      0.61        64
weighted avg       0.70      0.67      0.67        64
