              precision    recall  f1-score   support

         0.0       0.88      1.00      0.93         7
         1.0       0.86      0.60      0.71        10
         2.0       0.27      0.75      0.40         4
         3.0       0.40      0.50      0.44         8
         4.0       0.50      0.25      0.33         4
         5.0       0.33      0.11      0.17         9
         6.0       0.57      0.80      0.67         5
         7.0       1.00      0.25      0.40         4
         8.0       0.38      0.50      0.43        10
         9.0       1.00      0.67      0.80         3

    accuracy                           0.53        64
   macro avg       0.62      0.54      0.53        64
weighted avg       0.59      0.53      0.52        64
