              precision    recall  f1-score   support

         0.0       1.00      1.00      1.00         3
         1.0       1.00      0.86      0.92         7
         2.0       0.62      0.50      0.56        10
         3.0       0.00      0.00      0.00         3
         4.0       0.29      1.00      0.44         2
         5.0       0.40      0.50      0.44         4
         6.0       1.00      0.67      0.80         9
         7.0       0.86      0.86      0.86         7
         8.0       0.43      0.86      0.57         7
         9.0       0.86      0.50      0.63        12

    accuracy                           0.66        64
   macro avg       0.65      0.67      0.62        64
weighted avg       0.73      0.66      0.66        64
