              precision    recall  f1-score   support

         0.0       1.00      1.00      1.00         7
         1.0       1.00      0.70      0.82        10
         2.0       0.50      0.67      0.57         6
         3.0       1.00      0.57      0.73         7
         4.0       0.50      0.75      0.60         4
         5.0       0.33      0.20      0.25         5
         6.0       0.67      0.67      0.67         6
         7.0       1.00      0.50      0.67         6
         8.0       0.33      0.80      0.47         5
         9.0       0.88      0.88      0.88         8

    accuracy                           0.69        64
   macro avg       0.72      0.67      0.67        64
weighted avg       0.77      0.69      0.70        64
