              precision    recall  f1-score   support

         0.0       0.67      1.00      0.80         2
         1.0       1.00      0.50      0.67         6
         2.0       0.31      0.57      0.40         7
         3.0       0.80      0.67      0.73         6
         4.0       0.78      0.78      0.78         9
         5.0       0.40      0.67      0.50         3
         6.0       1.00      0.75      0.86         4
         7.0       1.00      0.18      0.31        11
         8.0       0.47      0.73      0.57        11
         9.0       0.75      0.60      0.67         5

    accuracy                           0.59        64
   macro avg       0.72      0.64      0.63        64
weighted avg       0.73      0.59      0.59        64
