              precision    recall  f1-score   support

         0.0       1.00      1.00      1.00         7
         1.0       1.00      0.86      0.92         7
         2.0       0.67      0.67      0.67         6
         3.0       1.00      0.78      0.88         9
         4.0       0.62      0.56      0.59         9
         5.0       1.00      0.33      0.50         3
         6.0       0.67      1.00      0.80         2
         7.0       0.00      0.00      0.00         3
         8.0       0.25      0.75      0.38         4
         9.0       0.86      0.86      0.86        14

    accuracy                           0.73        64
   macro avg       0.71      0.68      0.66        64
weighted avg       0.78      0.73      0.74        64
